0.635173698	0.225729571
0.362503815	0.325553689
0.452342045	0.310625789
0.371725327	0.363650727
0.31666126	0.32983409
0.821324652	0.301584764
0.678303668	0.121675336
0.618783864	0.042471488
0.498408041	0.284976873
0.690380716	0.146296201
0.452473675	0.145883482
0.75581193	0.265452341
0.434756947	0.204307928
0.473033747	0.208989856
0.52355957	0.182677069
0.288613975	0.173932514
0.33939058	0.212327578
0.422896095	0.183149998
0.339965941	0.276325235
0.575913565	0.152244852
0.899752676	0.549850511
0.723436698	0.247905722
0.626108725	0.270534552
0.655781071	0.273822214
0.570198368	0.16334539
0.830977144	0.300831848
0.572665326	0.14278149
0.60379657	0.236770894
0.69727904	0.275812529
0.97532339	0.593454169
0.853359958	0.338175215
0.574457676	0.130704717
0.589824079	0.13196859
0.623849541	0.16117135
0.509801107	0.06941347
0.754768378	0.226302922
0.653991724	0.27505662
0.509552664	0.290819264
0.548608264	0.332630506
0.485576947	0.306360992
0.882828029	0.476235078
0.993335086	0.744988322
0.59153872	0.304376152
0.590115601	0.316807942
0.547193322	0.338123825
0.37003513	0.165070746
0.480657012	0.170554343
0.56346692	0.231643868
0.497719808	0.108991643
0.431639988	0.125812834
0.891044144	0.442295947
0.991488225	0.720938856
0.811967415	0.423279636
0.98108138	0.912182015
0.939371647	0.631518837
0.761967787	0.188104179
0.737060324	0.232540277
0.878644927	0.498133313
0.557576479	0.083998046
0.900109388	0.679818129
0.43655301	0.229589975
0.410010061	0.245182316
0.379714368	0.334440677
0.313769474	0.281178458
0.339070017	0.186415757
0.493094511	0.082676344
0.603710682	0.120530564
0.712770782	0.175516138
0.47598873	0.195275105
0.936947661	0.740264748
0.531049465	0.310301972
0.490271896	0.224106371
0.548119687	0.09767046
0.936990635	0.689703321
0.602124624	0.237491974
0.551696546	0.226768414
0.402752735	0.16951649
0.247698045	0.226017439
0.299302981	0.217629611
0.397913458	0.252113357
0.914670826	0.751493229
0.541093486	0.198116069
0.944188557	0.666368987
0.937595588	0.67969541
0.927316738	0.693873277
0.897253604	0.502201801
0.476346126	0.332787143
0.611146633	0.28690366
0.847217058	0.47359466
0.962707866	0.725656417
0.49455498	0.129992187
0.434799386	0.188922544
0.444983949	0.218310844
0.425050573	0.105341964
0.271316479	0.273029394
0.5486589	0.158088418
0.940973029	0.64432375
0.492757913	0.265784549
0.513022897	0.221841851
0.679551361	0.460819458
0.848743631	0.436553929
0.597173001	0.196209021
0.507732419	0.264846231
0.563137002	0.500803044
0.781881161	0.326897514
0.663609872	0.353540688
0.446265829	0.20179475
0.891091663	0.627353337
0.645201666	0.28374835
0.957289542	0.721036962
0.944968049	0.620845928
0.478843027	0.220035605
0.984925856	0.712159749
0.678572028	0.544372004
0.984662817	0.993642252
0.589813217	0.332008782
0.581377364	0.118798251
0.584063433	0.233474432
0.517105129	0.254937801
0.449497784	0.003316097
0.397194271	0.200133828
0.295837209	0.207040731
0.296847092	0.285724157
0.371482998	0.316775806
0.392264723	0.15789366
0.964623029	0.579424699
0.489724825	0.336659376
0.950671439	0.721585652
0.936635349	0.676531724
0.904683801	0.558553711
0.722264224	0.332292209
0.931685315	0.463080273
0.987422998	0.681275537
0.989338045	0.702137013
0.990502292	0.857701018
0.399199089	0.208896955
0.37427582	0.242622711
0.427149938	0.255901617
0.451204368	0.2188694
0.462837867	0.137947714
0.799131682	0.342050453
0.982338261	0.720823012
0.945919023	0.616968068
0.411085842	0.192728077
0.93543804	0.670445489
0.921698429	0.687563563
0.639300833	0.320964711
0.583464681	0.482732751
0.498609542	0.217851898
0.352661131	0.287394156
0.421336267	0.095489954
0.440270151	0.245161349
0.445178446	0.215506046
0.332688538	0.246187103
0.37323517	0.05857105
0.719348433	0.261030485
0.645283004	0.302582811
0.844728531	0.465731719
0.732504409	0.433960708
0.538672239	0.351420958
0.786478368	0.276072652
0.969927889	0.74663162
0.998168829	0.688088152
0.784317228	0.381318069
0.752205555	0.604943502
0.789619356	0.476990344
0.527465578	0.194352716
0.834058246	0.552396343
0.870946994	0.306914279
0.45860881	0.163643613
0.682945886	0.251663773
0.601524024	0.293830554
0.986118311	0.686077824
0.484785363	0.466319671
0.708316849	0.552125941
0.801865392	0.254379715
0.657975268	0.145722035
0.524732317	0.276466684
0.57221491	0.25815497
0.439542083	0.078724124
0.328819669	0.255280776
0.300039754	0.243517151
0.401639971	0.329722761
0.358317208	0.252927021
0.426889793	0.194692369
0.677281331	0.193225121
0.864209816	0.549075137
0.756139706	0.226345247
0.61966313	0.164068675
0.669862284	0.210377048
0.904679599	0.462098205
0.73226572	0.180679918
0.779118862	0.201085847
0.469660588	0.11052229
0.837031976	0.375739312
0.555074017	0.105419412
0.419544611	0.21731483
0.35985305	0.163699171
0.404778652	0.201385913
0.422699441	0.3316018
0.922255887	0.484298914
0.592466296	0.153711897
0.624819865	0.127358166
0.581497729	0.10654699
0.874036921	0.50369666
0.711596509	0.151920261
0.878568249	0.44849243
0.891403823	0.437484403
0.691332246	0.259775713
0.627961435	0.121580791
0.365343373	0.184013172
0.417095769	0.132222934
0.424224087	0.138046243
0.395972752	0.163771232
0.505646592	0.159717639
0.873201175	0.414988562
0.654742254	0.178322535
0.44513906	0.166250231
0.547407025	0.429911791
0.539419656	0.398522672
0.862840889	0.340252892
0.923048632	0.640064488
0.944429377	0.621255414
0.916118655	0.811098214
0.836461173	0.379854157
0.850582959	0.365854927
0.863068141	0.453913207
0.544549043	0.174902242
0.612711585	0.26055147
0.576790569	0.065536025
0.958826271	0.7205994
0.674760084	0.159577265
0.918660806	0.687655933
0.977854538	0.689013259
0.974281656	0.681688487
0.650389433	0.231793607
0.462298943	0.124786665
0.620833032	0.106961389
0.599955547	0.046027366
0.279892907	0.185380475
0.412327087	0.303989239
0.545623167	0.166359861
0.418474193	0.137220336
0.488280001	0.120923711
0.496226514	0.047954651
0.613764415	0.107265288
0.682347299	0.088495955
0.848232501	0.341089885
0.667998802	0.143554154
0.568386821	0.237206418
0.902018333	0.551083881
0.726046977	0.141890545
0.716690873	0.269009537
0.599572965	0.243002994
0.5878964	0.255863081
0.290587023	0.364986817
0.420736896	0.19890058
0.405061229	0.232531707
0.51921698	0.079449363
0.488261127	0.119236408
0.945201464	0.610953774
0.698936381	0.096617009
0.952033355	0.708358732
0.725272894	0.506408438
0.961665632	0.687537828
0.963187399	0.780053809
0.590819039	0.208913613
0.999770159	0.718549595
0.980785291	0.712177024
0.616679241	0.150362966
0.636164516	0.08437001
0.403133883	0.112664949
0.401896231	0.212980919
0.513046812	0.083007234
0.418393708	0.081159031
0.73808414	0.35167233
0.658043836	0.226272056
0.647478076	0.198370323
0.507566197	0.388427424
0.606416478	0.271807277
0.654121457	0.259372489
0.909933251	0.621466967
0.558327077	0.312970662
0.92242409	0.672807174
0.7419533	0.458604696
0.776482812	0.279801344
0.761515054	0.087577509
0.849250867	0.261573505
0.759377307	0.296355948
0.64775711	0.086080555
0.907925028	0.598213012
0.991488225	0.720938856
0.562846501	0.398508669
0.963052605	0.810654594
0.7431448	0.469278015
0.555221781	0.129606271
0.509781702	0.241561253
0.448375146	0.249729018
0.437029097	0.193426544
0.589066273	0.147942973
0.393540633	0.137342305
0.478463926	0.114911976
0.454724795	0.201614891
0.451435268	0.210893584
0.370852275	0.14670018
0.911560889	0.71048451
0.676994104	0.137871631
0.505891784	0.131780142
0.419784858	0.11377272
0.441301566	0.236726487
0.576088416	0.247590293
0.78211774	0.382634369
0.521071339	0.262627804
0.930303456	0.674138489
0.604625858	0.306113884
0.358651404	0.283540226
0.254591742	0.209575793
0.30914908	0.168063109
0.298777184	0.267433895
0.437439742	0.23160427
0.92211254	0.550355919
0.922053853	0.694435495
0.974100037	0.748307915
0.33900691	0.327688164
0.722247118	0.412275788
0.599345605	0.190223042
0.613575416	0.097130642
0.542392207	0.273083151
0.847065919	0.481196778
0.773129075	0.54391653
0.777703564	0.286660356
0.467780812	0.124295488
0.490033549	0.177839957
0.342277023	0.149918738
0.434914615	0.309110788
0.483901735	0.126818036
0.469151874	0.33777266
0.682278597	0.172361392
0.849417241	0.450613808
0.83400548	0.458589522
0.887537012	0.714322382
0.587065604	0.292883281
0.612914968	0.327182772
0.631403224	0.369338637
0.851318149	0.586130438
0.670101121	0.222305001
0.709288738	0.219909821
0.582786406	0.146544512
0.669096854	0.256443895
0.566775019	0.073657203
0.869188316	0.450396694
0.523882062	0.270237122
0.743820719	0.339563198
0.510595883	0.495189565
0.793607119	0.560669854
0.620918133	0.193770034
0.560030648	0.260734421
0.584841231	0.079318351
0.62577885	0.076539852
0.53393782	0.168785472
0.389843762	0.236207034
0.459336359	0.154942035
0.412493526	0.241755476
0.334850121	0.241321995
0.418255955	0.144651165
0.528131866	0.264963196
0.575713682	0.318524409
0.683556541	0.3186572
0.894600228	0.616463583
0.919970781	0.728963877
0.599140963	0.210417652
0.776184421	0.21474372
0.438370511	0.27955235
0.426573324	0.202131965
0.718533476	0.268840473
0.61504905	0.165542672
0.34330098	0.238513936
0.364031014	0.125575819
0.436705277	0.134092585
0.400279135	0.104927102
0.77030735	0.096606862
0.608156539	0.258644904
0.53295304	0.408386436
0.787428811	0.343062826
0.449832427	0.349906093
0.649488237	0.328231902
0.562523185	0.124515154
0.525375517	0.356834808
0.502183181	0.513176209
0.979549456	0.995901341
0.550072116	0.143745588
0.458372889	0.133240986
0.63089357	0.198617421
0.406491568	0.196599648
0.391329041	0.217358843
0.924210902	0.625989263
0.668141548	0.345837975
0.996691551	0.702597887
0.981524786	0.989543593
0.980776904	0.991620103
0.940532609	0.624800628
0.98931509	0.70859382
0.5201616	0.241473673
0.598999095	0.341089442
0.620135777	0.353102917
0.507322095	0.250436726
0.516655343	0.202028628
0.638660772	0.122308913
0.392697591	0.289230018
0.551735915	0.205716443
0.728399501	0.30407062
0.936561098	0.42702891
0.576466735	0.240194144
0.98005053	0.994925817
0.838369323	0.662917507
0.791887416	0.190292518
0.865960403	0.252809364
0.537389223	0.18350153
0.695592611	0.150862506
0.629786937	0.360369249
0.597169981	0.202891699
0.521649915	0.150863874
0.39329805	0.157347716
0.458707922	0.178112112
0.492203762	0.195361974
0.636475547	0.132055339
0.84326386	0.390521497
0.823769848	0.262060855
0.773433305	0.225430065
0.81847342	0.244659431
0.899596754	0.45747313
0.808254331	0.318610543
0.67535797	0.111969958
0.634096007	0.14415249
0.64110338	0.182722202
0.37321841	0.196846033
0.425398192	0.177590875
0.480241177	0.136033527
0.315823158	0.126113686
0.405342318	0.21261533
0.768289277	0.262812484
0.735578785	0.156704209
0.556960054	0.067623346
0.692914961	0.158879183
0.788785003	0.324492081
0.911664544	0.406356496
0.892077862	0.487954449
0.930638317	0.462870955
0.756526483	0.431024097
0.97258148	0.67702113
0.521942023	0.068956744
0.525920293	0.185649619
0.387732724	0.196521169
0.46052876	0.119844861
0.452303378	0.178210376
0.962126899	0.567451456
0.851981113	0.353963977
0.518215635	0.236838796
0.597060075	0.316171822
0.477236872	0.180416114
0.971210966	0.575124162
0.899733243	0.662238381
0.977039629	0.744112667
0.912167383	0.795261116
0.93076399	0.68769262
0.617306992	0.103243822
0.590114114	0.12097984
0.791991162	0.213472723
0.520447124	0.214973516
0.533988009	0.05817254
0.928636639	0.538749097
0.866744979	0.536443773
0.607104129	0.307207799
0.488374262	0.286941955
0.88939674	0.436242308
0.870654824	0.513986432
0.675889788	0.112438196
0.704884932	0.157377987
0.714846068	0.153979985
0.73505753	0.13577997
0.449137649	0.141696866
0.499693803	0.115693207
0.335492174	0.143083682
0.442456075	0.109708542
0.364122473	0.194371949
0.746951691	0.194294243
0.575242476	0.109790003
0.542776003	0.14001825
0.488729692	0.228256764
0.519018884	0.174479517
0.763440455	0.177776056
0.396953007	0.231422178
0.649900441	0.131283644
0.465643689	0.22668495
0.598529456	0.283307319
0.37776656	0.190841346
0.511019769	0.098246405
0.518523678	0.117758324
0.358532326	0.109298263
0.406321942	0.142924551
0.907481688	0.616889707
0.717736545	0.219169239
0.538656424	0.311563998
0.92447107	0.676103906
0.64063312	0.321037257
0.694837462	0.196613785
0.581419995	0.191151564
0.572651479	0.174299191
0.741417708	0.211524496
0.533310816	0.254756054
0.617898787	0.073583231
0.452516886	0.239782724
0.698119027	0.137125949
0.529118875	0.141196971
0.528357291	0.120715827
0.927884714	0.524209315
0.858620754	0.473070179
0.684972913	0.178911066
0.447490899	0.184716141
0.653079786	0.380604377
0.814355425	0.417471156
0.996320311	0.7272952
0.992315262	0.723051528
0.561566324	0.365500208
0.567949269	0.320922265
0.356331615	0.175170285
0.509302867	0.163250744
0.705258275	0.118541681
0.462464232	0.089173705
0.497304078	0.092177289
0.939474585	0.632363801
0.75580605	0.36642638
0.966537634	0.672090459
0.601396265	0.497741754
0.763306627	0.631561283
0.736457526	0.173313627
0.822879114	0.223369701
0.608059788	0.022148039
0.916501922	0.638069227
0.530087341	0.004041998
0.508583946	0.094533608
0.473061093	0.059228289
0.40526055	0.073526223
0.44360061	0.194531052
0.502700978	0.074522649
0.457682523	0.177815983
0.917972727	0.539494358
0.492461379	0.271378056
0.919408638	0.606536689
0.471178924	0.262019318
0.958117637	0.756645012
0.600332448	0.218691551
0.613067413	0.197833337
0.527716992	0.267395374
0.473073277	0.363940564
0.566106952	0.195228002
0.463977023	0.216116286
0.325961454	0.220679188
0.498511237	0.13366239
0.444509167	0.073410107
0.949427986	0.528916821
0.897937961	0.571297555
0.588650339	0.283015219
0.936195638	0.677611555
0.437549846	0.262791806
0.905163852	0.650913087
0.891951189	0.568180086
0.610791563	0.247506761
0.805439904	0.386950624
0.926754768	0.686608666
0.857662154	0.361700287
0.701589895	0.103519336
0.518281631	0.15659763
0.821665199	0.323680718
0.536055738	0.053934246
0.842927679	0.454620058
0.391196455	0.224625636
0.619443979	0.221848403
0.985334292	0.772165994
0.757216945	0.401002302
0.888985214	0.391870149
0.993334654	0.703088877
0.540162632	0.243716238
0.793092135	0.484608769
0.980776904	0.991620103
0.900052448	0.55901181
0.901836474	0.587860681
0.708603562	0.138642192
0.910164672	0.633341297
0.883412742	0.473395455
0.908439892	0.444447552
0.472134583	0.205032927
0.988070886	0.714494304
0.980776904	0.991620103
0.980776904	0.991620103
0.719837321	0.207060989
0.854717472	0.324139083
0.621809887	0.290533001
0.532785802	0.223998335
0.570381101	0.32180572
0.560910435	0.12065551
0.433824303	0.129913837
0.386385918	0.22125878
0.428512883	0.20257196
0.454107169	0.29193898
0.447061288	0.241659298
0.5105024	0.33869576
0.541175797	0.175040253
0.483950324	0.171383752
0.636011034	0.226251313
0.298775837	0.303173319
0.642323604	0.208693874
0.703275225	0.266385202
0.39489343	0.195265953
0.895275561	0.537851625
0.567454317	0.125938865
0.408469322	0.120293399
0.717166387	0.240494973
0.423550722	0.168088451
0.38130868	0.247421796
0.799778045	0.493896459
0.429737474	0.426733477
0.956228824	0.699953225
0.569353003	0.311199498
0.661938803	0.311386737
0.867813237	0.719528806
0.788979321	0.608092831
0.809412036	0.404956544
0.724253426	0.500689096
0.483179279	0.40931289
0.811582364	0.51233463
0.370365188	0.302744613
0.613913157	0.277318288
0.68376185	0.372823407
0.487862473	0.150221386
0.951265702	0.493725871
0.641831341	0.415366361
1	0.704352814
0.613968565	0.371370475
0.556521236	0.320333574
0.663552891	0.315404638
0.957003903	0.645771059
0.559458485	0.237238172
0.984662817	0.993642252
0.974782242	0.99902046
0.702346228	0.295239299
0.911719921	0.739997756
0.926489131	0.591142282
0.923695719	0.545572948
0.986729931	0.718772437
0.920096733	0.64728581
0.931578313	0.546504878
0.565023586	0.279301606
0.979668855	0.988535981
0.979668855	0.988535981
0.535708022	0.17529059
0.599481497	0.093063243
0.385629076	0.219162039
0.956205879	0.62932499
0.438373006	0.284961147
0.731431851	0.377536354
0.628097842	0.176172437
0.473037599	0.208069514
0.444708051	0.127752316
0.575724618	0.20419234
0.614794542	0.086355147
0.721733454	0.186273071
0.662946471	0.134895014
0.716321261	0.158666109
0.607481225	0.193824241
0.738987584	0.183343878
0.543097596	0.050324763
0.512908957	0.147364318
0.763619253	0.147928255
0.522481738	0.144982148
0.716494915	0.187904988
0.630293845	0.137686823
0.411147053	0.146571238
0.455349963	0.074274742
0.510005581	0.187997102
0.586315603	0.081004148
0.923395945	0.542913539
0.868889989	0.444074609
0.427558106	0.13836299
0.899412776	0.545496466
0.472385284	0.133859669
0.681382728	0.20813064
0.56178035	0.050664712
0.694988246	0.221660666
0.419772525	0.168067754
0.789836832	0.207980834
0.776319082	0.219581794
0.631573157	0.072253801
0.59278621	0.006806239
0.573635997	0.096333712
0.959179991	0.566730587
0.764795704	0.291333888
0.89166141	0.592202988
0.919785557	0.653050311
0.866355493	0.527064602
0.949558314	0.680763075
0.879783261	0.378284246
0.594248087	0.347570247
0.990996624	0.716145051
0.95773058	0.651506951
0.88850753	0.555158858
0.818954877	0.319411332
0.795921322	0.335991186
0.783360257	0.268810203
0.87310803	0.474570441
0.931543964	0.53031997
0.939240322	0.678753197
0.608768193	0.239296188
0.991986219	0.683727961
0.554153738	0.406040201
0.902399535	0.480240897
0.608968761	0.062850143
0.680729521	0.217621343
0.753315155	0.138164776
0.816163498	0.200373666
0.55215971	0.083191529
0.39305372	0.205507705
0.596796421	0.046580274
0.436515852	0.258991531
0.462289016	0.162189006
0.632122785	0.097102364
0.374851777	0.167125691
0.475981419	0.162391331
0.525998834	0.161491531
0.516169421	0.129923873
0.69395537	0.247145754
0.724014757	0.214313901
0.560409969	0.205009486
0.559213419	0.262186986
0.570426098	0.184872994
0.815959583	0.231727152
0.516500814	0.108192456
0.409746339	0.099796086
0.396293793	0.097212118
0.451068138	0.126340458
0.790312818	0.283152901
0.908901193	0.767319138
0.533753151	0.089303198
0.490643298	0.246436926
0.408205711	0.412530402
0.744779457	0.267042344
0.567017432	0.133496857
0.531146149	0.223079841
0.262803576	0.490478005
0.424543272	0.27462795
0.557205434	0.167353722
0.718404556	0.059513868
0.547718699	0.055823232
0.531881102	0.079644409
0.847617158	0.476786955
0.872830394	0.489314216
0.706355677	0.502727281
0.58032459	0.292787229
0.588860478	0.308263573
0.547453402	0.453444839
0.92172535	0.54541125
0.813779414	0.312092129
0.593053968	0.25720066
0.551568174	0.261413843
0.722222781	0.330989412
0.610924485	0.200257626
0.85390171	0.359339075
0.768842003	0.169479571
0.474824448	0.129509863
0.435755676	0.125713945
0.555909243	0.107616837
0.505304191	0.237203513
0.592322949	0.251688917
0.546200783	0.423251249
0.76741375	0.526051882
0.587630032	0.102275753
0.75252641	0.339505147
0.461231833	0.113992088
0.542642755	0.040938535
0.651432231	0.151663641
0.679040421	0.075995814
0.545535508	0.163697363
0.429900184	0.118790987
0.38486453	0.14567362
0.520626014	0.219304904
0.822098697	0.352814314
0.627133667	0.180104546
0.509300531	0.307316288
0.438666526	0.420639694
0.591954394	0.250624882
0.797258003	0.18019103
0.759356197	0.108277389
0.539580303	0.145493212
0.33586299	0.242998126
0.679639143	0.237596572
0.766239803	0.259305283
0.725780607	0.195762974
0.433214873	0.044084931
0.388121824	0.204010063
0.514429812	0.11615586
0.866635017	0.606260657
0.590892368	0.227429863
0.541078334	0.366629823
0.946471884	0.710327138
0.955097712	0.694635196
0.86732463	0.805491498
0.840131886	0.482866006
0.544784745	0.249597536
0.500563289	0.239043701
0.64929464	0.435114397
0.838711505	0.456883219
0.638117556	0.059999763
0.580305503	0.11819169
0.60578564	0.085581735
0.462746265	0.066139913
0.796377246	0.148232596
0.876289853	0.639064534
0.818079589	0.48470125
0.822207365	0.38501012
0.803969266	0.352919966
0.832492581	0.346212086
0.747730643	0.338455388
0.538661519	0.366845842
0.992191518	0.68647817
0.789141792	0.677800519
0.480416319	0.140443362
0.83418988	0.256433162
0.447720856	0.123879474
0.603980154	0.176416674
0.542049711	0.129822864
0.84906314	0.580754055
0.919473125	0.628152654
0.571758907	0.243442683
0.696725659	0.356176108
0.647846964	0.543494932
0.80548361	0.247826178
0.542305135	0.09982138
0.530832445	0.230377539
0.561203784	0.281213562
0.448654329	0.093887578
0.573870343	0.178338587
0.355145399	0.206919191
0.326573064	0.131246622
0.319153072	0.198632878
0.472413422	0.093886158
0.779164049	0.21925684
0.375017169	0.33798242
0.506285574	0.300236964
0.688517769	0.184914765
0.951669805	0.676530559
0.89078321	0.431942945
0.763548269	0.276363393
0.9201447	0.685813399
0.781197413	0.374062783
0.964457549	0.675780469
0.499464257	0.172821661
0.532211883	0.293731059
0.461934237	0.13302588
0.506822388	0.163712918
0.409059396	0.050331089
0.688584794	0.276267149
0.481535341	0.22893986
0.585870693	0.142278108
0.76569434	0.374975713
0.467926234	0.203154504
0.76243672	0.359793584
0.49091087	0.182057604
0.495614198	0.306473396
0.596711294	0.317714836
0.983914935	0.995718761
0.51227598	0.197839665
0.568456419	0.245228716
0.960464921	0.738667929
0.248482422	0.258541764
0.585233933	0.161080803
0.88417535	0.319861991
0.911700925	0.498510016
0.57857884	0.304005901
0.461358112	0.353688147
0.981454358	0.901110747
0.897445655	0.584787895
0.974879873	0.675745413
0.994657963	0.689864275
0.980776904	0.991620103
0.979549456	0.995901341
0.614795395	0.269845012
0.461063425	0.255958024
0.409175307	0.2499727
0.41850356	0.22454037
0.349300389	0.18404314
0.830024888	0.628832157
0.516544252	0.16836371
0.728494413	0.224394516
0.98005053	0.994925817
0.822832245	0.720906389
0.621368978	0.298120412
0.513856481	0
0.608751128	0.147207103
0.60197172	0.25976409
0.982264906	0.730982808
0.442168952	0.145855247
0.473679898	0.100183184
0.427557923	0.063153935
0.492242137	0.140417467
0.43181544	0.193030217
0.629996278	0.038581742
0.595847024	0.121983673
0.623755164	0.063985787
0.691532372	0.059498114
0.471116265	0.08913772
0.687962328	0.05693601
0.838090474	0.303279842
0.728297671	0.191546971
0.543294036	0.058847876
0.356254631	0.185622198
0.650686957	0.139401218
0.508331161	0.194531564
0.787475849	0.171442144
0.404648496	0.096284248
0.681965542	0.235330538
0.896684608	0.541955673
0.631073537	0.203633646
0.7161852	0.160464203
0.8979711	0.611463438
0.351898646	0.158924841
0.90637025	0.411348386
0.621470625	0.151372942
0.776895412	0.214507728
0.864985026	0.440929695
0.778528749	0.42437752
0.871422911	0.565142592
0.851386147	0.308336851
0.632020392	0.13433242
0.607202184	0.169427466
0.622818255	0.102858285
0.963872604	0.572107687
0.660850704	0.13003845
0.447343397	0.172987795
0.729588711	0.156463133
0.581059173	0.283799881
0.817619974	0.205480898
0.697984403	0.17648651
0.540057763	0.332179577
0.600623404	0.387779654
0.712280632	0.402686784
0.906287186	0.526697526
0.580079751	0.113452309
0.886527414	0.554489719
0.745677154	0.179105125
0.634008492	0.092203833
0.609785375	0.212034763
0.653824293	0.21925855
0.724545518	0.372374091
0.442641256	0.336370882
0.953369634	0.681895099
0.370573295	0.111172379
0.405866279	0.105662374
0.540267966	0.179644488
0.438063047	0.067591494
0.466766501	0.122971831
0.412910684	0.4010722
0.449301601	0.289702151
0.378212523	0.221359836
0.364623195	0.433981105
0.401129932	0.452130253
0.935774646	0.670058564
0.909659694	0.594380975
0.866645251	0.479741321
0.822974961	0.670064092
0.984416009	0.994743237
0.769388433	0.574111767
0.979549456	0.995901341
0.983188561	0.999024476
0.983188561	0.999024476
0.984416009	0.994743237
0.682803424	0.404924954
0.981524786	0.989543593
0.981579438	0.996915878
0.981277978	0.990644579
0.98005053	0.994925817
0.845472611	0.711168224
0.902876582	0.844369312
0.983914935	0.995718761
0.979549456	0.995901341
0.983188561	0.999024476
0.434439519	0.175910113
0.435276995	0.184264885
0.384406727	0.297252058
0.518219065	0.358462851
0.628014076	0.506911592
0.415895578	0.140938077
0.376377243	0.384003131
0.448705411	0.276372176
0.458930758	0.472929998
0.531830028	0.204107928
0.902561726	0.672057331
0.990970004	0.765988686
0.980297338	0.993824832
0.758861735	0.596602653
0.98005053	0.994925817
0.662557914	0.412431708
0.941067373	0.69732328
0.981277978	0.990644579
0.98005053	0.994925817
0.982687487	1
0.778091863	0.467147575
0.975283316	0.998044936
0.979309442	0.990503465
0.980776904	0.991620103
0.98005053	0.994925817
0.979549456	0.995901341
0.980776904	0.991620103
0.98005053	0.994925817
0.981277978	0.990644579
0.981277978	0.990644579
0.530590741	0.295884996
0.516996725	0.437005572
0.567577609	0.331703347
0.652350219	0.578263284
0.926729071	0.568687172
0.418631343	0.093752833
0.378082831	0.147185375
0.392896399	0.199022418
0.432391916	0.350355446
0.44079666	0.48545256
0.680013922	0.29746253
0.765843751	0.494789785
0.859749268	0.681353456
0.560342688	0.412923105
0.983188561	0.999024476
0.983914935	0.995718761
0.981277978	0.990644579
0.983188561	0.999024476
0.981277978	0.990644579
0.983188561	0.999024476
0.980776904	0.991620103
0.779454244	0.536558005
0.980776904	0.991620103
0.98005053	0.994925817
0.98005053	0.994925817
0.826957637	0.717777341
0.984416009	0.994743237
0.980776904	0.991620103
0.98005053	0.994925817
0.98005053	0.994925817
0.478660284	0.078907925
0.607558067	0.233164863
0.57885019	0.243938238
0.94593221	0.732490091
0.652658942	0.509936804
0.355129969	0.293793951
0.433930876	0.126028835
0.428636053	0.149306568
0.335464966	0.260807262
0.517540248	0.384968029
0.474019675	0.232141088
0.776127008	0.334650416
0.850158221	0.306791851
0.943954923	0.612894017
0.98005053	0.994925817
0.983914935	0.995718761
0.984416009	0.994743237
0.982687487	1
0.982687487	1
0.983188561	0.999024476
0.981277978	0.990644579
0.980776904	0.991620103
0.978441407	0.99281722
0.982687487	1
0.983188561	0.999024476
0.751083627	0.492949709
0.983914935	0.995718761
0.980776904	0.991620103
0.98005053	0.994925817
0.983188561	0.999024476
0.668850409	0.304393432
0.865305617	0.586522385
0.970429766	0.823150825
0.983188561	0.999024476
0.708866456	0.53631809
0.149741957	0.569050775
0.181895765	0.432147282
0.183068507	0.469940392
0.122428244	0.682374015
0.193394976	0.510557278
0.095092199	0.607061069
0.112353889	0.579778869
0.152461142	0.477053666
0.141007788	0.448426314
0.086936048	0.444028063
0.192153937	0.44439153
0.092576466	0.381508872
0.076083817	0.584026775
0.186934376	0.548311022
0.224513291	0.582441279
0.124132003	0.473852246
0.121615744	0.622372689
0.219985978	0.589702143
0.132696545	0.643692912
0.148029303	0.557190508
0.154364556	0.437768191
0.16035215	0.551806962
0.193481075	0.587421472
0.170880992	0.479094097
0.170378756	0.595459444
0.074473987	0.497077301
0.108191926	0.590747395
0.268226905	0.449854605
0.202638589	0.603702608
0.303888374	0.679622464
0.09345292	0.61687318
0.143044248	0.641502132
0.060456154	0.611480243
0.091105701	0.550017935
0.168101673	0.659152845
0.168544879	0.535189844
0.193221615	0.410030046
0.21433923	0.561023698
0.222969864	0.62019331
0.243699111	0.435396036
0.171360394	0.652944362
0.177554856	0.509866169
0.267929083	0.524784605
0.313047744	0.540776708
0.313342402	0.510778875
0.14750896	0.590207356
0.098585605	0.623986591
0.123568862	0.697849884
0.185507287	0.655244819
0.178826679	0.656980623
0.193560203	0.681410941
0.269622999	0.609998003
0.22107724	0.54115947
0.339566044	0.665405077
0.278644647	0.56739255
0.149128497	0.585911583
0.09537872	0.533824993
0.162286621	0.664411138
0.125250561	0.590774703
0.175426557	0.54377322
0.121403722	0.586844083
0.143207905	0.50452551
0.127245569	0.572006196
0.234490527	0.585763704
0.201179295	0.70644515
0.186918173	0.617378055
0.166774326	0.535004678
0.155482999	0.510082685
0.159566085	0.495683797
0.17794283	0.436915036
0.153846226	0.57231319
0.088762724	0.635567267
0.125708823	0.509448461
0.175955281	0.59513282
0.198072978	0.612127929
0.136737766	0.503856612
0.102968842	0.551346748
0.097531595	0.536633565
0.141052334	0.604000501
0.179171849	0.646020217
0.135804611	0.614609091
0.145937287	0.487663561
0.216287351	0.560480806
0.198210937	0.604362668
0.236058226	0.505806111
0.113013984	0.534838783
0.171746094	0.571884522
0.181657777	0.537880824
0.247909949	0.482791148
0.233695812	0.497373573
0.090627828	0.543410828
0.100454749	0.541120537
0.151422495	0.561893795
0.212977196	0.604726571
0.218774934	0.597082749
0.199273458	0.538433464
0.164706932	0.500972421
0.271801406	0.488013363
0.265410778	0.487960565
0.340064285	0.545232222
0.144024613	0.67266228
0.178020866	0.453481736
0.194831813	0.320952815
0.33726937	0.589598473
0.414857999	0.651852735
0.119566261	0.572351742
0.148843379	0.618010447
0.174941699	0.541381223
0.132519166	0.489267278
0.150647062	0.575654003
0.200395349	0.475631446
0.184966526	0.514542266
0.242121214	0.443274127
0.246155033	0.527118443
0.539295155	0.524896911
0.089145575	0.422901876
0.174353007	0.552088193
0.212642838	0.476857641
0.142934035	0.52859899
0.188867762	0.497949981
0.237794012	0.549876679
0.191870656	0.579325775
0.167570093	0.499633239
0.173299633	0.444575951
0.247798189	0.46117243
0.101333199	0.459599445
0.169340109	0.557870401
0.127748097	0.541235583
0.180657667	0.598556568
0.186606872	0.42757028
0.079518801	0.516828754
0.100008769	0.624877988
0.121251993	0.561447311
0.207977485	0.61319032
0.221264031	0.579671921
0.151458253	0.582384511
0.043713837	0.508678844
0.208866847	0.505091318
0.15652696	0.539723624
0.262589798	0.469350632
0.234241561	0.540059743
0.188402209	0.534347629
0.214142685	0.557700166
0.237652746	0.531729589
0.307986589	0.489945264
0.150072463	0.547962167
0.246095251	0.439764301
0.18718898	0.469799176
0.25244487	0.536924645
0.239628705	0.538487321
0.086615891	0.570386953
0.106085899	0.514734683
0.206772967	0.563363764
0.180568048	0.535328366
0.184721095	0.622908257
0.129177338	0.525076058
0.278241863	0.504672561
0.21443045	0.510725195
0.232785431	0.535831891
0.268744112	0.494356824
0.15374097	0.458545703
0.259310579	0.498793793
0.254232226	0.503433886
0.351474207	0.538435525
0.41317345	0.530844325
0.078400857	0.749083895
0.108320366	0.528477288
0.072635333	0.570808818
0.239616371	0.588834562
0.194936214	0.443173563
0.186027517	0.47265869
0.20757696	0.443931427
0.340644543	0.530632095
0.389317411	0.489055783
0.478265138	0.596896699
0.095271428	0.601087156
0.156469332	0.53686658
0.103867946	0.606248472
0.168141998	0.511120883
0.182534343	0.563787038
0.12682074	0.626193945
0.17875131	0.561011592
0.190521524	0.629892317
0.218231103	0.63030626
0.184100394	0.586074168
0.110403535	0.505939875
0.140912304	0.542988488
0.127619574	0.577812181
0.109391603	0.592443642
0.223075121	0.636237972
0.131657764	0.479145895
0.125459385	0.60124938
0.181828398	0.597877438
0.184378094	0.52961597
0.123692602	0.622953374
0.127746967	0.465507586
0.188713381	0.545055435
0.130385255	0.543103085
0.163860104	0.580119117
0.217895385	0.706793829
0.103275128	0.584990281
0.166469517	0.550000569
0.149549267	0.563954946
0.26995485	0.660352267
0.207693606	0.588879995
0.085180593	0.579452519
0.174132151	0.451471584
0.188526994	0.582138077
0.187306535	0.517699549
0.284478252	0.647055834
0.072996765	0.485624836
0.12068381	0.485689112
0.144458399	0.556299799
0.180048482	0.500233647
0.281918376	0.663655106
0.249689809	0.467363972
0.195659351	0.526090168
0.288233399	0.558559624
0.231368578	0.532600594
0.277865542	0.508985282
0.202102427	0.452299405
0.179886237	0.403034551
0.125111918	0.548412166
0.368422853	0.554955227
0.384078682	0.613229057
0.066809998	0.750031449
0.050125684	0.56888118
0.141867118	0.564542596
0.118566684	0.70333867
0.11565431	0.602726369
0.240455806	0.511458835
0.24867771	0.58506545
0.224910875	0.562253164
0.328878469	0.572976142
0.331979437	0.481379343
0.151462687	0.632507848
0.120883208	0.596201858
0.119279	0.54679372
0.117883496	0.512600099
0.178393238	0.60925915
0	0.677875184
0.169993681	0.504862823
0.075716861	0.520550015
0.184615548	0.552366097
0.19330067	0.525263619
0.109632435	0.535150588
0.073253727	0.54282828
0.2289618	0.531862453
0.163060149	0.580557859
0.13268743	0.5028408
0.151896086	0.499872083
0.109361642	0.560900179
0.171939534	0.528491973
0.145775072	0.53391152
0.100155726	0.499671135
0.231794331	0.451464065
0.195636083	0.596716689
0.118902519	0.610034721
0.076651786	0.640627981
0.135061878	0.602275797
0.108829379	0.595642757
0.109111155	0.40466224
0.249554927	0.459269737
0.147639277	0.508739232
0.213904414	0.623203628
0.130655712	0.41072039
0.155470817	0.463523047
0.260939185	0.415685419
0.223572455	0.544899019
0.253072211	0.524945055
0.115411527	0.736619114
0.1462289	0.502687691
0.123758957	0.586399392
0.048063297	0.584492236
0.189183619	0.599595676
0.335421521	0.381883112
0.204522887	0.442257793
0.195597755	0.603556938
0.290642258	0.47968163
0.326282881	0.630422967
0.096671615	0.511183851
0.198231456	0.548581764
0.215611113	0.678785837
0.277561832	0.565288452
0.346896931	0.500388212
0.120662898	0.523491609
0.188697842	0.492556414
0.138892496	0.556703571
0.171685371	0.499882599
0.120811109	0.576713793
0.274879869	0.441484257
0.256517112	0.536912404
0.252124127	0.486987162
0.341459381	0.410205912
0.332100386	0.548102167
0.063944045	0.643014695
0.181198667	0.698092429
0.147077159	0.548804054
0.118078718	0.576607487
0.110204087	0.478026008
0.129328893	0.50198857
0.062404665	0.587857616
0.183245962	0.60237222
0.189962572	0.474488278
0.097196151	0.529007671
0.135516775	0.523909279
0.117217573	0.471443268
0.137998343	0.395376019
0.188468897	0.609689969
0.187503717	0.50823393
0.100854863	0.532930273
0.140035684	0.407518219
0.158345002	0.530378382
0.113374587	0.620902638
0.206713028	0.582221459
0.148477855	0.47543552
0.113576747	0.553025625
0.182816405	0.580849933
0.156898843	0.581865582
0.195493616	0.534166525
0.151345127	0.592301064
0.176163729	0.557634121
0.162652305	0.513660553
0.266735134	0.396568918
0.124701189	0.50842336
0.231227513	0.525697036
0.151708067	0.510251325
0.193245507	0.488068369
0.180445498	0.571669178
0.271336239	0.486851202
0.098124668	0.552316147
0.140366496	0.524006068
0.1267888	0.440972907
0.220697751	0.623475481
0.229359032	0.395298211
0.150125523	0.583893608
0.207653591	0.628724589
0.198986296	0.54947247
0.2153573	0.431733618
0.402676172	0.586447992
0.183816256	0.492935054
0.219073251	0.456093019
0.2489031	0.582909486
0.330033141	0.45507617
0.234082014	0.543212767
0.193146476	0.528742062
0.149535434	0.554252802
0.083611602	0.596165561
0.082251817	0.615961552
0.172075619	0.591898102
0.230213821	0.463869103
0.311978676	0.614151348
0.300138512	0.612922709
0.302901891	0.418611212
0.60663169	0.587606837
0.090486779	0.526736953
0.088228858	0.694877399
0.167685664	0.486773284
0.189152904	0.528946393
0.206542067	0.440241825
0.185816882	0.456262813
0.127241646	0.52866475
0.188760313	0.580247376
0.238385714	0.551731578
0.196772198	0.654552419
0.075000807	0.519512766
0.140557907	0.468873188
0.154025609	0.391628916
0.184363895	0.537086722
0.227004669	0.465621912
0.11389717	0.586788399
0.186392705	0.512191633
0.155875618	0.622229357
0.224821413	0.530196341
0.278744211	0.466429286
0.145133056	0.588199766
0.138498064	0.537451347
0.201482273	0.47391799
0.180597696	0.551392978
0.260567043	0.475057979
0.11973664	0.553391114
0.168479576	0.626166655
0.211061754	0.498084697
0.196993853	0.447727816
0.286063861	0.575956021
0.169474669	0.535763329
0.229611226	0.442133209
0.234605393	0.502323875
0.284420815	0.516248814
0.338863477	0.467391434
0.096778117	0.488622227
0.141487646	0.493594702
0.108228647	0.5818166
0.19888774	0.516188945
0.24238098	0.425741399
0.191724465	0.538264352
0.180377934	0.624768401
0.299227634	0.515940294
0.274095354	0.532753976
0.39501532	0.571769771
0.213483388	0.451828886
0.260520569	0.510700046
0.258983918	0.485800124
0.283984142	0.470966746
0.405293346	0.575940955
0.100484272	0.416522194
0.13648501	0.588729678
0.097115949	0.556683844
0.132194591	0.514024754
0.234444292	0.520364776
0.261500606	0.405346965
0.314787095	0.536723066
0.339914999	0.422551219
0.407957714	0.455110669
0.514711554	0.691234815
0.091960382	0.635750024
0.167975167	0.494609596
0.168502671	0.520632967
0.160088128	0.478471984
0.155588907	0.619000029
0.083877671	0.512207828
0.145171568	0.585953431
0.18568521	0.528762313
0.157112497	0.508682342
0.208691923	0.559144864
0.078342397	0.591488578
0.123682924	0.5656241
0.109646524	0.543333176
0.133439632	0.653724029
0.118317033	0.572145981
0.125535199	0.42546753
0.118337264	0.474710532
0.13835335	0.401799814
0.133093062	0.530095582
0.19935511	0.548752378
0.084576105	0.540849476
0.214344685	0.523156896
0.138737939	0.628513806
0.187576718	0.695962656
0.238682254	0.560084648
0.202037517	0.496367132
0.165399375	0.576417772
0.118999234	0.510577124
0.090774918	0.499609775
0.199122396	0.568584837
0.231227513	0.525697036
0.139726065	0.556306213
0.251758399	0.560233358
0.19143337	0.355752225
0.191434914	0.562438041
0.154809543	0.580913865
0.111969233	0.588496239
0.115176251	0.474473691
0.172330125	0.567721463
0.140358762	0.583154857
0.188355054	0.468859053
0.171936351	0.427094087
0.237467358	0.442577833
0.268608488	0.435021158
0.285671844	0.594251273
0.205052473	0.456702321
0.211081844	0.512208971
0.28158295	0.526744808
0.336930548	0.518728488
0.452795125	0.450194147
0.05931555	0.634511898
0.151094647	0.650584514
0.127937417	0.623888184
0.212962615	0.539980875
0.100592823	0.627954754
0.191350935	0.482865513
0.265662797	0.604600584
0.195591769	0.391754212
0.24471572	0.465415649
0.514977659	0.753716211
0.088562632	0.53156697
0.103892735	0.573700188
0.127702956	0.508480983
0.047915537	0.633052379
0.196348295	0.589252303
0.093158335	0.54700816
0.163339522	0.555960455
0.215046799	0.541212268
0.161046586	0.700760504
0.087625091	0.660884119
0.113100603	0.558697145
0.083978414	0.433375557
0.077830648	0.44583955
0.192633672	0.444099847
0.142702504	0.556298662
0.12008578	0.318756951
0.148137437	0.549665293
0.102673253	0.506302871
0.216936856	0.458436138
0.171341419	0.535874269
0.084086113	0.539411926
0.105777502	0.591928949
0.111386066	0.545480755
0.193685811	0.551019866
0.220204301	0.488727925
0.100073134	0.486330526
0.093926181	0.59878335
0.172642591	0.537860522
0.151352763	0.562115467
0.206873529	0.616003947
0.207848856	0.455257178
0.147885261	0.543999743
0.140401131	0.529596951
0.141586768	0.534186274
0.244203742	0.592047908
0.110367228	0.574347172
0.110122646	0.468842829
0.214149153	0.576824058
0.134423117	0.574052468
0.133918565	0.543331757
0.13415966	0.566449859
0.189099885	0.548840553
0.152845887	0.530568085
0.295449582	0.452052372
0.238519432	0.500021101
0.215115042	0.497015818
0.20012744	0.564840872
0.240655725	0.384989465
0.238872385	0.506663868
0.306518699	0.589967748
0.140046174	0.446293775
0.124808653	0.591545062
0.189712389	0.509375074
0.162350251	0.530253588
0.151829982	0.508698601
0.226749952	0.631938316
0.129904216	0.485569702
0.191838943	0.462265267
0.279135981	0.556612246
0.423133474	0.59539
0.1569299	0.484915226
0.179978903	0.532774876
0.192673748	0.534362159
0.197706999	0.385955266
0.128954858	0.500088243
0.099539351	0.524511301
0.143550906	0.51528964
0.211592229	0.508739048
0.135251795	0.518651761
0.257091059	0.482958053
0.174176281	0.574069988
0.178883633	0.49083995
0.180228826	0.616120398
0.111199939	0.478230176
0.175245512	0.438163639
0.182625012	0.522125672
0.168681052	0.437063448
0.1476497	0.583130068
0.164451934	0.378688832
0.156926308	0.528188525
0.134107548	0.37114102
0.199173949	0.581519417
0.153063646	0.584801935
0.125706125	0.391770025
0.150310903	0.586911976
0.091958517	0.465723773
0.12789587	0.541149613
0.128135343	0.550243826
0.120874491	0.450592964
0.247683085	0.560208893
0.135159392	0.434682755
0.195370621	0.455927521
0.228225747	0.443502813
0.255711	0.593935303
0.257662687	0.531809618
0.060694387	0.504150437
0.199167485	0.534950788
0.133692434	0.541897825
0.162650645	0.512355218
0.196804625	0.503855334
0.221525924	0.575762471
0.197122036	0.494951895
0.276064789	0.455455489
0.250590019	0.495889068
0.329911839	0.506210018
0.187676162	0.339356397
0.235536057	0.516145857
0.212645043	0.529004335
0.287521293	0.449849292
0.392406228	0.473739513
0.126440982	0.567925645
0.163693257	0.603539871
0.166604968	0.549054185
0.127163984	0.516234792
0.11274266	0.528952731
0.198420317	0.438187664
0.256646219	0.404687837
0.230052213	0.415158661
0.363096583	0.451769047
0.515895382	0.556770063
0.21397903	0.435310156
0.179802849	0.501637289
0.220398598	0.512275975
0.166162442	0.587570654
0.194855626	0.427080464
0.217393252	0.469942606
0.14563224	0.586363594
0.193749363	0.538516837
0.151301772	0.546868306
0.271384415	0.495721368
0.064378337	0.485328616
0.22526616	0.461565712
0.121285627	0.479191807
0.187300933	0.469697907
0.161873707	0.541173811
0.173514311	0.534475199
0.155113468	0.523196464
0.151840757	0.490640653
0.215282662	0.534715023
0.302465088	0.514313773
0.130124552	0.457776242
0.137615468	0.463686809
0.128339493	0.597621334
0.218135988	0.508624166
0.241147069	0.638827239
0.151610461	0.564642063
0.217669578	0.533857755
0.19031624	0.583659126
0.347267898	0.468363683
0.35780109	0.596834607
0.181782892	0.510672697
0.194637133	0.604971937
0.200690841	0.526209734
0.300272535	0.570905967
0.254167639	0.514003956
0.09274636	0.487014784
0.109926868	0.474333375
0.134538529	0.611936432
0.182695025	0.583597163
0.146558897	0.674901867
0.162318095	0.457855443
0.169840841	0.462138546
0.287791531	0.527782204
0.305778084	0.483486273
0.224006641	0.382985058
0.161097914	0.415164272
0.201133403	0.48335749
0.184210672	0.443301761
0.308696842	0.485473671
0.417395961	0.562145309
0.147569363	0.569296861
0.168979259	0.518955897
0.117576128	0.441046669
0.180551498	0.410321484
0.152769963	0.505267512
0.233481446	0.416389762
0.232033987	0.451870123
0.38649655	0.485450022
0.302451607	0.559055195
0.647422022	0.454541484
0.118394356	0.569569626
0.174789027	0.46207357
0.137861826	0.513377748
0.175426626	0.448985202
0.194958825	0.548393298
0.084515038	0.515315056
0.145808077	0.498815216
0.132018821	0.575137956
0.146559428	0.587694991
0.125913943	0.619005664
0.189473	0.514529906
0.061504274	0.615884623
0.202835495	0.577918348
0.051844119	0.622991504
0.180807481	0.573184462
0.180192947	0.55605101
0.212564964	0.490598479
0.157319186	0.602331547
0.18283024	0.537042424
0.035033584	0.558122895
0.12043522	0.593363697
0.138417104	0.654757169
0.179555863	0.561070368
0.190920272	0.573361876
0.140869628	0.637198493
0.141658878	0.500601411
0.18930466	0.560526704
0.201322772	0.490856117
0.151718571	0.56134023
0.200680796	0.550368859
0.117462962	0.520511893
0.233137074	0.483572454
0.157458163	0.398782403
0.252350209	0.493664705
0.259924295	0.357280853
0.087474389	0.553058467
0.097787371	0.469237347
0.092630124	0.584058785
0.110931995	0.608803099
0.219196387	0.607499156
0.16892269	0.552401283
0.167045464	0.477269212
0.174491208	0.489182131
0.275643881	0.435242594
0.293381002	0.478828468
0.137769075	0.462265848
0.186628605	0.43061622
0.30810895	0.512575943
0.257610517	0.549663132
0.383193374	0.572361297
0.092640005	0.553088002
0.028546699	0.60491411
0.120125002	0.4505991
0.122211045	0.486890275
0.105150897	0.677715141
0.148700866	0.400092673
0.220551195	0.568674459
0.363102238	0.498006504
0.304989256	0.568607289
0.535130494	0.470449469
0.136284574	0.603299072
0.084857656	0.506730372
0.131771318	0.565422933
0.172106028	0.538590484
0.130401029	0.505956866
0.097570825	0.501524301
0.112347596	0.488064229
0.16740872	0.493506181
0.133381238	0.521321884
0.182794847	0.466373469
0.142823285	0.461473772
0.125149272	0.526609092
0.148140926	0.521826303
0.115128314	0.472358574
0.196822756	0.564763522
0.12756735	0.425416837
0.113560959	0.590237357
0.202673653	0.487948385
0.123838978	0.470174596
0.159818342	0.444210518
0.176258914	0.644597647
0.154992267	0.565113414
0.204944745	0.483337688
0.160083831	0.523887182
0.163197318	0.615327594
0.261880341	0.609076771
0.114108498	0.492676251
0.204694149	0.505254714
0.175534713	0.611277253
0.197716474	0.533160577
0.180179164	0.594152608
0.156056129	0.492936533
0.301928116	0.59908359
0.252852324	0.372859918
0.327309278	0.461829582
0.160193187	0.534959643
0.149424965	0.654906984
0.138513761	0.544983902
0.153836159	0.560111296
0.228615622	0.484244444
0.23999505	0.503022974
0.117248665	0.437458398
0.227173338	0.548011768
0.247908204	0.492251419
0.241818703	0.499168135
0.137712637	0.565660987
0.18574961	0.521611361
0.196924887	0.597980958
0.231007836	0.50234597
0.325221219	0.451940849
0.177314606	0.501028774
0.129399664	0.537472674
0.179037048	0.53696357
0.151990051	0.579423752
0.136841723	0.506803686
0.184739152	0.447046294
0.243222582	0.445977894
0.262909854	0.465659567
0.236782542	0.559015443
0.2673401	0.643442297
0.094504938	0.488504298
0.120262014	0.497303088
0.191154799	0.506160593
0.19018182	0.43709194
0.210070154	0.360485616
0.082200231	0.579650661
0.100286208	0.538050646
0.181490614	0.601413172
0.192852517	0.565511619
0.203076506	0.432535055
0.210359546	0.527281361
0.128126116	0.442872561
0.192635987	0.485321926
0.099601821	0.554808826
0.222313112	0.541721229
0.115099099	0.494073861
0.156221765	0.350600365
0.14812894	0.54620267
0.112612217	0.489754701
0.323425055	0.518326377
0.119737974	0.449125815
0.157235641	0.492207043
0.230601382	0.590719149
0.234040041	0.555535985
0.233940829	0.554522661
0.166629427	0.449635177
0.075426821	0.638963511
0.177948227	0.416171804
0.14998226	0.472973531
0.214679852	0.342807232
0.181893142	0.528784418
0.230328508	0.495168351
0.215203029	0.515846059
0.211582772	0.579837967
0.345069816	0.437261762
0.159554584	0.557906149
0.143058596	0.581586268
0.208143514	0.452890061
0.141452296	0.666873595
0.157859792	0.551000313
0.191310823	0.637103075
0.23129297	0.533024384
0.243708819	0.455753254
0.310176	0.318939455
0.349814597	0.524474466
0.147147118	0.501522571
0.239891442	0.408324912
0.204553683	0.480938865
0.344700048	0.442198599
0.321078818	0.585567831
0.098054656	0.477269895
0.143757711	0.55989255
0.141858309	0.534617086
0.160652883	0.597635649
0.183356574	0.435640675
0.22186688	0.606165959
0.268129941	0.525882087
0.244031807	0.51917152
0.414899969	0.470111538
0.467379699	0.534312771
0.156763916	0.489027436
0.148476327	0.531764296
0.096398631	0.439382058
0.140341488	0.49836833
0.148969393	0.516472629
0.096850057	0.474193256
0.120120761	0.59510805
0.119411493	0.584052904
0.121011241	0.479105974
0.150790645	0.530906058
0.145892036	0.440811991
0.18635977	0.578326499
0.172746807	0.573754122
0.166745339	0.556808363
0.185122027	0.57523481
0.150124313	0.505870996
0.149172247	0.584381073
0.193139627	0.515765777
0.243747456	0.399383011
0.205163862	0.347794371
0.107720726	0.494883363
0.207606674	0.495804441
0.236005117	0.487026109
0.240421997	0.724915014
0.198042349	0.454678069
0.126178677	0.478887123
0.22919911	0.46164969
0.249813264	0.49425041
0.243659213	0.509856843
0.23878062	0.45516757
0.183646971	0.531163259
0.23480298	0.552472865
0.242510639	0.542589531
0.304929839	0.44643673
0.218824066	0.465119903
0.182079169	0.473336105
0.153627434	0.480505618
0.194543029	0.52677675
0.170375558	0.507116464
0.225063726	0.502666205
0.193423266	0.4291837
0.177320725	0.466111952
0.23832383	0.498330324
0.249638922	0.519321539
0.335994852	0.443257273
0.277261304	0.576206948
0.210508091	0.503979342
0.398782822	0.540825534
0.408486106	0.496248783
0.471950095	0.578626795
0.158901488	0.489780658
0.137785915	0.522529106
0.100017458	0.512879503
0.194451478	0.414647601
0.157705226	0.613486139
0.291847771	0.493906209
0.198494137	0.601477575
0.252178436	0.594819003
0.31361851	0.572568375
0.414530642	0.408447973
0.212612123	0.535208847
0.125097879	0.560269393
0.137238704	0.628613248
0.16790035	0.540941487
0.203509933	0.58448947
0.113942002	0.617570982
0.179631582	0.466357844
0.180136109	0.536618924
0.15339332	0.559702469
0.096751075	0.614401799
0.100895745	0.503311125
0.168061816	0.467167218
0.159613735	0.566259605
0.128180423	0.554106515
0.219201688	0.506702317
0.161644264	0.486283737
0.207061803	0.461863627
0.143799319	0.547866613
0.120097322	0.531363682
0.29159504	0.541899266
0.112531141	0.677106851
0.126137433	0.517883463
0.182810077	0.578346919
0.165183087	0.475772623
0.098882987	0.611849577
0.055474974	0.532505662
0.097319318	0.532727089
0.170179759	0.488193016
0.13149769	0.564020772
0.163212214	0.433149531
0.152488697	0.574641683
0.187887417	0.413923598
0.207531674	0.530996888
0.175461822	0.554444851
0.282541537	0.538783009
0.20383759	0.567203322
0.155231857	0.59556093
0.140281947	0.449115025
0.152425056	0.596401731
0.222924405	0.509706267
0.185542217	0.455759499
0.280740924	0.36829922
0.293759253	0.329590392
0.287373631	0.493142285
0.316161293	0.531215257
0.177230587	0.397394784
0.159436555	0.375019548
0.216175804	0.479350187
0.217497546	0.582188208
0.263610886	0.442003109
0.111744722	0.570421972
0.184914172	0.505619397
0.105093548	0.544146083
0.171632118	0.475754826
0.205620772	0.569394557
0.259129073	0.640690491
0.417526803	0.446190726
0.277575977	0.472632838
0.222833197	0.463055729
0.506873825	0.644563387
0.156014111	0.600291611
0.1399474	0.528613041
0.118087941	0.549867535
0.132856468	0.518823112
0.150509836	0.554688476
0.127135846	0.518580033
0.14608448	0.478094333
0.234989634	0.421253242
0.250101733	0.532038984
0.354866522	0.420327301
0.084448222	0.525946024
0.15188533	0.492321657
0.247295998	0.646010784
0.296110759	0.571949934
0.347857036	0.498672569
0.189216038	0.587131528
0.149291073	0.501408373
0.391957497	0.512934525
0.413907097	0.461564257
0.64444137	0.622620212
0.192268156	0.605736762
0.18082927	0.501758468
0.41066151	0.38578662
0.442390077	0.548985171
0.706547884	0.638902304
0.103506089	0.532666626
0.163187348	0.461428984
0.536255699	0.618838324
0.868172621	0.882698122
0.953149148	0.864470767
0.204018132	0.642026559
0.171810787	0.504093615
0.130142668	0.411437672
0.242614122	0.45291172
0.235613252	0.480651658
0.139076077	0.580915067
0.179359451	0.558162045
0.270655305	0.479626417
0.228147933	0.54213697
0.251718411	0.538810808
0.135872355	0.500698699
0.081232801	0.525954524
0.256457707	0.568989088
0.27317431	0.581658712
0.440334997	0.536462246
0.110697974	0.559544288
0.147548181	0.470712856
0.446887489	0.424648065
0.408987809	0.43712271
0.749798065	0.718086802
0.174318135	0.471962509
0.119368518	0.519282138
0.645497273	0.678724869
0.569468283	0.741889268
0.703477126	0.736116796
0.078666265	0.555956762
0.255300651	0.49547679
0.544622873	0.572219592
0.651601034	0.710261167
0.687373903	0.779685161
0.108225202	0.479421371
0.0812285	0.624485435
0.259171511	0.581156459
0.238626209	0.462992638
0.28064648	0.570057321
0.1859375	0.483153404
0.101093054	0.494591369
0.273441738	0.546901971
0.349243816	0.508942862
0.342285545	0.478477823
0.084410729	0.584329585
0.113884063	0.561183329
0.342537138	0.564419424
0.274580265	0.396600874
0.325672999	0.64555393
0.159255169	0.503594329
0.092350509	0.612213628
0.265821279	0.540089996
0.388150303	0.428588346
0.586058137	0.63535962
0.152108172	0.567236291
0.184741385	0.536722222
0.411698373	0.523697808
0.735730647	0.750420229
0.817380953	0.667178768
0.174800172	0.508116678
0.203251209	0.500918972
0.577404553	0.430546576
0.711591522	0.621227604
0.952341391	0.968400723
0.142201599	0.556866868
0.093645952	0.538637594
0.177275057	0.529841521
0.211487021	0.430908012
0.336447072	0.480846835
0.18560343	0.435988384
0.145402811	0.399181093
0.322296026	0.431590369
0.331580864	0.553876854
0.395190717	0.453490576
0.173464401	0.515495406
0.133237577	0.501089455
0.404878393	0.503656372
0.241873958	0.489267364
0.355106594	0.54913425
0.130607479	0.613493581
0.130609199	0.493175443
0.414819965	0.587181425
0.505479307	0.737820717
0.778371112	0.815689374
0.173842694	0.564664402
0.171884209	0.514165046
0.451848666	0.514389712
0.77340442	0.682383936
0.724051757	0.795176866
0.177210164	0.545373901
0.127476523	0.565626467
0.44131728	0.543376247
0.552236741	0.734971976
0.867022395	0.913110659
0.103511414	0.483143511
0.116399421	0.553040885
0.201439322	0.581936521
0.265597425	0.636498342
0.303714013	0.57739828
0.350570652	0.603477523
0.063680144	0.514721492
0.088765333	0.487112319
0.12093557	0.673389508
0.063361567	0.482968179
0.071675075	0.609312505
0.157378827	0.568519541
0.193129961	0.476265568
0.154051473	0.519604976
0.249247838	0.341130778
0.235992881	0.362179507
0.23654772	0.334164326
0.147570538	0.614331146
0.160976527	0.725963071
0.146796053	0.583836796
0.197071972	0.482413747
0.157373718	0.463184383
0.250516294	0.314845977
0.266478988	0.457789897
0.165180928	0.54244047
0.168781406	0.576942281
0.217963826	0.453718003
0.230489753	0.425875653
0.252709497	0.398481617
0.123122179	0.516432148
0.210377187	0.533232192
0.11258984	0.504491297
0.15490504	0.47927723
0.199377231	0.508048841
0.140353194	0.52797536
0.263261496	0.405938697
0.200410741	0.477398945
0.316378038	0.359453263
0.27693782	0.301907639
0.202293184	0.36639817
0.322982792	0.298830713
0.090865245	0.652712086
0.170780943	0.551537097
0.162465899	0.561172235
0.136040134	0.456099922
0.177154798	0.493462839
0.091166245	0.495438518
0.231329444	0.460794716
0.265311091	0.474557478
0.283139583	0.341595985
0.253362038	0.38538834
0.329427117	0.414500223
0.332089742	0.342066611
0.31803149	0.480928234
0.081202635	0.645656254
0.068056905	0.555129589
0.021331528	0.727315828
0.105643144	0.482899334
0.115862676	0.612664519
0.170489211	0.416065611
0.16081666	0.510496237
0.152717312	0.492545377
0.270839152	0.454164814
0.212065673	0.507603384
0.279439955	0.369462483
0.123817597	0.489306215
0.177550509	0.468600754
0.150911344	0.519628366
0.08517369	0.413835644
0.210316711	0.457615987
0.055084615	0.366826187
0.214387796	0.403434832
0.265891203	0.458118088
0.184613235	0.346565961
0.199444852	0.369815005
0.272362155	0.210388445
0.349669559	0.342048734
0.187779775	0.431096105
0.16101345	0.500914948
0.160623248	0.462732153
0.081632001	0.444379009
0.135883849	0.458051586
0.121610179	0.49090644
0.185811646	0.306193453
0.229185515	0.418724356
0.178117269	0.377463423
0.195403752	0.226673181
0.314303999	0.232834229
0.392579478	0.286678667
0.183674654	0.505126386
0.177480938	0.43288051
0.153218829	0.368839826
0.18993373	0.46237729
0.116067655	0.387920032
0.22883893	0.360954193
0.312560602	0.394076422
0.260034274	0.296437377
0.230692135	0.368748436
0.412390896	0.28026005
0.346236541	0.193119384
0.375831985	0.208082572
0.324844043	0.586927327
0.045726234	0.582069507
0.008721081	0.596724358
0.160729385	0.633788122
0.06324732	0.442693971
0.207309268	0.506531541
0.066289621	0.476008263
0.151881796	0.480385701
0.130548894	0.442685469
0.175890567	0.550469835
0.266603871	0.540237339
0.222326706	0.449215097
0.143617807	0.540445812
0.165678721	0.492725112
0.179878644	0.449515889
0.130102098	0.47766894
0.139203946	0.494488786
0.208449642	0.443345658
0.181607928	0.510424113
0.220336059	0.438662066
0.218599288	0.312832484
0.277940386	0.384662697
0.404782818	0.537733133
0.319100687	0.464470598
0.124796589	0.59026083
0.127975435	0.546382938
0.23624659	0.418365267
0.1827496	0.432954415
0.243162147	0.4694495
0.235325893	0.435357944
0.199495513	0.395893632
0.266336462	0.338685866
0.334457085	0.362438222
0.343580451	0.564482518
0.440571178	0.566702538
0.642936968	0.671297376
0.140847391	0.590756361
0.179684299	0.46283305
0.239364338	0.343400424
0.218425698	0.421994887
0.276663071	0.422701662
0.235153201	0.341445745
0.248717325	0.393766017
0.311955323	0.506014169
0.417683236	0.304705802
0.460782457	0.422793464
0.529501978	0.549683462
0.710823143	0.686952483
0.226273515	0.543337477
0.160067261	0.609367418
0.207698049	0.499757481
0.155765559	0.503283968
0.282370454	0.475522463
0.219695279	0.502391645
0.271244336	0.526243298
0.285804097	0.438558476
0.246539172	0.464607314
0.336454637	0.452415426
0.325282866	0.463217932
0.324238255	0.394215582
0.1334238	0.441561247
0.169879835	0.445407239
0.163060311	0.511784787
0.195953645	0.534058027
0.222341511	0.438003824
0.279259223	0.376424908
0.256570207	0.434182988
0.271010834	0.349114007
0.290679361	0.278666733
0.318771796	0.3370514
0.386232481	0.344737863
0.42978036	0.298416096
0.122344546	0.536041509
0.057259434	0.511654303
0.180905479	0.498625337
0.210452601	0.415258193
0.26779052	0.465593509
0.160250811	0.416644747
0.230503953	0.40990789
0.291488788	0.344246184
0.350623881	0.26980684
0.428379717	0.372365508
0.384384297	0.248098532
0.378222085	0.301797748
0.120554448	0.536396975
0.152171349	0.526392134
0.197898623	0.551603559
0.227672349	0.467210627
0.119341925	0.493881754
0.226673317	0.397898274
0.305530266	0.48628361
0.3268205	0.554550583
0.369082648	0.415669856
0.443120442	0.473093796
0.495131666	0.500857227
0.428005062	0.505755717
0.09075812	0.587946791
0.106603722	0.543256254
0.060822152	0.55089625
0.166641556	0.414597703
0.181286309	0.508864062
0.217446073	0.494743547
0.264988606	0.476493399
0.223236977	0.517084005
0.379245523	0.591069882
0.334238875	0.443551395
0.328578234	0.569968399
0.315459179	0.551508225
0.157368914	0.485724121
0.147477916	0.494730409
0.132553421	0.479578715
0.221913033	0.485059221
0.235092559	0.482742876
0.197182477	0.405044587
0.217047234	0.312621204
0.296244962	0.356737138
0.414502328	0.36685014
0.38023004	0.301176299
0.463376517	0.243342754
0.449168196	0.350705937
0.103871498	0.442644104
0.190461553	0.456905941
0.183345836	0.449505815
0.242033262	0.417979448
0.183009672	0.42656642
0.251182792	0.373844303
0.25561667	0.332790849
0.257026181	0.275133105
0.399798703	0.36133708
0.433339631	0.452827464
0.390511482	0.289670219
0.581358928	0.3211286
0.11375237	0.452573895
0.16124868	0.486320998
0.264286081	0.335117497
0.168799872	0.429632955
0.227769725	0.310747165
0.23598549	0.356740051
0.317436975	0.443419751
0.234039387	0.330550347
0.365420186	0.366249619
0.482062892	0.431854598
0.557627946	0.444903312
0.589903585	0.409269738
0.128854146	0.465147605
0.097283845	0.525883702
0.164390055	0.48922091
0.131202907	0.570462233
0.294317881	0.33938188
0.147079733	0.431843703
0.26399377	0.483399265
0.276129997	0.415434044
0.359682337	0.252521886
0.384527716	0.271946093
0.407934156	0.214443852
0.396791253	0.261082991
0.07574413	0.462647844
0.183068303	0.359713491
0.106562601	0.35935413
0.118418595	0.492580427
0.09067345	0.421249396
0.21281843	0.427495385
0.228547933	0.472975301
0.179011766	0.503429555
0.255042464	0.43348096
0.379702962	0.397421135
0.447697082	0.452422025
0.419567328	0.445141767
0.207722639	0.495810123
0.195793498	0.539929453
0.184768097	0.450150363
0.229598506	0.391301618
0.209032547	0.382377689
0.318511928	0.410760371
0.235514711	0.445158882
0.368924459	0.450050293
0.428306375	0.425788186
0.462728821	0.577113371
0.569733195	0.659232066
0.606840775	0.544292555
0.1527871	0.475324392
0.197402428	0.465792903
0.161750405	0.45824965
0.241892066	0.418261559
0.223457213	0.349872216
0.190971523	0.481225239
0.26339612	0.444286899
0.387072297	0.506396198
0.281155205	0.438464475
0.416011742	0.368735508
0.469690338	0.393287756
0.459005931	0.365634302
0.148492366	0.443771453
0.189157468	0.386639219
0.131775204	0.43013314
0.190243255	0.36784338
0.260726944	0.45818053
0.245027712	0.485962377
0.282634203	0.298143292
0.348053206	0.492755906
0.46883731	0.485673331
0.51453515	0.394177759
0.565585922	0.37892724
0.615605965	0.544077451
0.129875319	0.505273528
0.069397406	0.512272648
0.117798424	0.45634689
0.159634155	0.465018785
0.200223065	0.418674053
0.281740504	0.378081093
0.264633717	0.524901764
0.336700005	0.323122191
0.305591551	0.439065974
0.401183515	0.401317524
0.446182337	0.490780642
0.474116678	0.430965372
0.071240024	0.488476221
0.071453087	0.468323071
0.121536545	0.406596559
0.213539981	0.464949783
0.138494869	0.425164991
0.201088662	0.449369062
0.277939681	0.294597887
0.262056437	0.24288558
0.465555299	0.482448748
0.53891246	0.219926138
0.458430582	0.520014985
0.599437374	0.525941848
